79 202
92 203
129 204
173 205
211 206
234 207
234 208
212 209
173 210
128 211
89 212
66 213
66 214
88 215
128 216
174 217
215 218
238 219
239 220
216 221
175 222
127 223
86 224
61 225
61 226
85 227
127 228
175 229
218 230
243 231
244 232
219 233
176 234
126 235
82 236
56 237
56 238
81 239
125 240
177 241
222 242
248 243
248 244
223 245
177 246
125 247
79 248
52 249
51 250
78 251
124 252
178 253
225 254
253 255
253 256
226 257
179 258
123 259
75 260
47 261
47 262
74 263
123 264
179 265
229 266
257 267
258 268
230 269
180 270
122 271
72 272
42 273
42 274
71 275
122 276
181 277
232 278
262 279
263 280
233 281
181 282
121 283
68 284
37 285
37 286
67 287
120 288
182 289
236 290
267 291
267 292
237 293
182 294
119 295
65 296
33 297
32 298
64 299
119 300
183 301
239 302
272 303
272 304
240 305
184 306
118 307
61 308
28 309
27 310
60 311
118 312
184 313
243 314
277 315
277 316
244 317
185 318
117 319
58 320
23 321
23 322
57 323
116 324
186 325
246 326
281 327
282 328
247 329
186 330
116 331
54 332
18 333
18 334
53 335
115 336
187 337
