103 0
103 1
103 2
103 3
103 4
103 5
103 6
102 7
101 8
100 9
100 10
101 11
103 12
104 13
106 14
107 15
106 16
105 17
103 18
100 19
98 20
97 21
97 22
99 23
103 24
106 25
109 26
110 27
109 28
106 29
103 30
98 31
95 32
94 33
95 34
98 35
103 36
107 37
111 38
113 39
112 40
108 41
103 42
97 43
92 44
90 45
92 46
96 47
103 48
109 49
114 50
116 51
115 52
110 53
103 54
95 55
90 56
87 57
89 58
95 59
103 60
111 61
117 62
119 63
117 64
111 65
103 66
94 67
87 68
84 69
86 70
93 71
103 72
112 73
120 74
123 75
120 76
113 77
103 78
92 79
84 80
81 81
84 82
91 83
103 84
114 85
122 86
126 87
123 88
114 89
103 90
90 91
81 92
78 93
81 94
90 95
103 96
115 97
125 98
129 99
126 100
116 101
103 102
89 103
78 104
74 105
78 106
88 107
103 108
117 109
128 110
132 111
128 112
118 113
103 114
87 115
76 116
71 117
75 118
87 119
103 120
119 121
131 122
135 123
131 124
119 125
103 126
86 127
73 128
68 129
72 130
85 131
103 132
120 133
133 134
139 135
134 136
121 137
103 138
84 139
70 140
65 141
70 142
83 143
103 144
122 145
136 146
142 147
137 148
122 149
103 150
82 151
67 152
62 153
67 154
82 155
103 156
123 157
139 158
145 159
139 160
124 161
103 162
81 163
65 164
58 165
64 166
80 167
103 168
125 169
142 170
148 171
142 172
126 173
103 174
79 175
62 176
55 177
61 178
79 179
103 180
127 181
145 182
151 183
145 184
127 185
103 186
78 187
59 188
52 189
59 190
77 191
103 192
128 193
147 194
155 195
148 196
129 197
103 198
76 199
56 200
49 201
56 202
75 203
103 204
130 205
150 206
158 207
151 208
130 209
103 210
74 211
53 212
46 213
53 214
74 215
103 216
131 217
153 218
161 219
153 220
132 221
103 222
73 223
51 224
42 225
50 226
72 227
103 228
133 229
156 230
164 231
156 232
134 233
103 234
71 235
48 236
39 237
47 238
71 239
103 240
135 241
158 242
167 243
159 244
135 245
103 246
70 247
45 248
36 249
45 250
69 251
103 252
136 253
161 254
171 255
162 256
137 257
103 258
68 259
42 260
33 261
42 262
67 263
103 264
138 265
164 266
174 267
164 268
138 269
103 270
66 271
40 272
30 273
39 274
66 275
103 276
139 277
167 278
177 279
167 280
140 281
103 282
65 283
37 284
26 285
36 286
64 287
103 288
141 289
170 290
180 291
170 292
142 293
103 294
63 295
34 296
23 297
34 298
63 299
103 300
143 301
172 302
183 303
173 304
143 305
103 306
62 307
31 308
20 309
31 310
61 311
103 312
144 313
175 314
187 315
176 316
145 317
103 318
60 319
29 320
17 321
28 322
59 323
103 324
146 325
178 326
190 327
178 328
146 329
103 330
58 331
26 332
14 333
25 334
58 335
103 336
147 337
181 338
193 339
181 340
148 341
103 342
57 343
23 344
10 345
23 346
56 347
103 348
149 349
183 350
196 351
184 352
150 353
103 354
55 355
20 356
7 357
20 358
55 359
103 360
151 361
186 362
199 363
187 364
151 365
103 366
54 367
17 368
4 369
17 370
53 371
103 372
152 373
189 374
203 375
189 376
153 377
103 378
52 379
15 380
1 381
14 382
51 383
